{
  "n": 50,
  "cities": [
    [
      69.64691855978616,
      28.613933495037948
    ],
    [
      22.68514535642031,
      55.13147690828912
    ],
    [
      71.94689697855631,
      42.3106460124461
    ],
    [
      98.07641983846155,
      68.48297385848633
    ],
    [
      48.09319014843609,
      39.211751819415056
    ],
    [
      34.31780161508694,
      72.90497073840416
    ],
    [
      43.85722446796244,
      5.967789660956835
    ],
    [
      39.804425533043144,
      73.79954057320357
    ],
    [
      18.24917304535,
      17.545175614749255
    ],
    [
      53.15513738418384,
      53.18275870968661
    ],
    [
      63.44009585513211,
      84.94317940777896
    ],
    [
      72.44553248606353,
      61.102351067758285
    ],
    [
      72.24433825702215,
      32.29589138531782
    ],
    [
      36.17886556223141,
      22.82632308789556
    ],
    [
      29.371404638882936,
      63.09761238544878
    ],
    [
      9.210493994507518,
      43.37011726795282
    ],
    [
      43.08627633296438,
      49.36850976503062
    ],
    [
      42.5830290295828,
      31.226122297246526
    ],
    [
      42.63513069628082,
      89.33891631171348
    ],
    [
      94.41600182038796,
      50.18366758843366
    ],
    [
      62.39529517921112,
      11.561839507929573
    ],
    [
      31.72854818203209,
      41.48262119536318
    ],
    [
      86.6309157883366,
      25.04553653965067
    ],
    [
      48.303426426270434,
      98.5559785610705
    ],
    [
      51.94851192598093,
      61.28945257629677
    ],
    [
      12.062866599032374,
      82.63408005068332
    ],
    [
      60.30601284109274,
      54.50680064664649
    ],
    [
      34.27638337743084,
      30.41207890271841
    ],
    [
      41.70222110247016,
      68.13007657927966
    ],
    [
      87.5456841795175,
      51.04223374780111
    ],
    [
      66.93137829622722,
      58.59365525622129
    ],
    [
      62.490350209559985,
      67.46890509878249
    ],
    [
      84.23424376202573,
      8.319498833243877
    ],
    [
      76.36828414433381,
      24.3666374536874
    ],
    [
      19.422296057877087,
      57.24569574914731
    ],
    [
      9.571251661238712,
      88.53268262751396
    ],
    [
      62.72489720512687,
      72.34163581899547
    ],
    [
      1.612920669501683,
      59.44318794450425
    ],
    [
      55.67851923942887,
      15.895964414472274
    ],
    [
      15.30705151247731,
      69.55295287709109
    ],
    [
      31.876642638187636,
      69.19702955318196
    ],
    [
      55.438324971777206,
      38.89505741231446
    ],
    [
      92.5132489613986,
      84.16699969127163
    ],
    [
      35.739756668317625,
      4.359146379904056
    ],
    [
      30.476807341109748,
      39.8185681917981
    ],
    [
      70.49588304513622,
      99.53584820340174
    ],
    [
      35.59148657174595,
      76.25478137854338
    ],
    [
      59.31769165622212,
      69.1701798700177
    ],
    [
      15.112745234808022,
      39.887629272615655
    ],
    [
      24.085589772362447,
      34.34560140483249
    ]
  ],
  "distances": [
    [
      0.0,
      53.93132903126004,
      13.8884784807888,
      48.967100408912124,
      24.01826308596736,
      56.65547179386547,
      34.32136582223582,
      54.15084004033157,
      52.576093854328846,
      29.59064072932364,
      56.670173752910436,
      32.6087337424776,
      4.5059297585940845,
      33.964790676110404,
      53.02113853370026,
      62.21178645381156,
      33.70786483371754,
      27.189660660652518,
      66.4617199722408,
      32.844495953362134,
      18.529974392828507,
      40.04255155747495,
      17.354815432341137,
      73.1261534915681,
      37.16077427348938,
      78.95631243993222,
      27.526225476377395,
      35.41621219150063,
      48.398674364440886,
      28.69485080878053,
      30.10245630843071,
      39.508547035790286,
      24.99308173870766,
      7.9508665555405775,
      57.81254634796077,
      84.84893783015687,
      44.27218461028323,
      74.69315764409195,
      18.890815681361733,
      68.03546471277554,
      55.43989023129672,
      17.53811964697482,
      60.075054971583896,
      41.68921114071026,
      40.741151819399036,
      70.92699575336471,
      58.56127419166472,
      41.85095038889045,
      55.68727212500295,
      45.92043878170039
    ],
    [
      53.93132903126004,
      0.0,
      50.90278850653294,
      76.56439602607473,
      29.983435211102925,
      21.241840187738756,
      53.52873132868835,
      25.329160166950082,
      37.84716495688071,
      30.532243887233996,
      50.49458977029655,
      50.117336975543495,
      54.56718397659898,
      35.01004781990455,
      10.400258536823943,
      17.885631381486927,
      21.199479602489845,
      31.102921948755906,
      39.599884161441665,
      71.90129752737414,
      58.95090586367018,
      16.37297764423302,
      70.66983347933267,
      50.418088706001676,
      29.904268713885184,
      29.482638715143636,
      37.626053350453105,
      27.30211414190362,
      23.035033391286255,
      64.98931763026978,
      44.38148046512807,
      41.673330413539,
      77.32821481090467,
      61.87369987959183,
      3.8879437820065936,
      35.88334922142165,
      43.58177713033012,
      21.508823894295155,
      51.26390699933482,
      16.199235719278924,
      16.80248176570914,
      36.5566969646479,
      75.62423974063262,
      52.42377727509054,
      17.181244711697733,
      65.25040098308533,
      24.754143800775598,
      39.230455379140956,
      17.02104974263989,
      20.832999424166985
    ],
    [
      13.8884784807888,
      50.90278850653294,
      0.0,
      36.983005688652774,
      24.05415712006815,
      48.497025922322706,
      45.93291749429157,
      44.99654377042898,
      59.133527542554376,
      21.71020642818,
      43.472963656250336,
      18.798319506147152,
      10.01917070199538,
      40.730712137493626,
      47.379009265263555,
      62.74534834326933,
      29.711089929499618,
      31.386357018895577,
      55.415140980851945,
      23.80850984688433,
      32.198170730422746,
      40.22687167822756,
      22.66504827953366,
      61.01271288233426,
      27.57046432868209,
      72.19471190559467,
      16.859904251305185,
      39.504980625704306,
      39.7666117948845,
      17.876319154710586,
      17.037952273840318,
      26.876835324298174,
      36.143837338271425,
      18.480695539576086,
      54.60667919324847,
      77.63502944931804,
      31.415054171244154,
      72.39055336503783,
      31.022500192364802,
      62.85073887973628,
      48.2545635437871,
      16.85820854030344,
      46.63613595881516,
      52.45258176490601,
      41.54490084718001,
      57.24359533808768,
      49.738518188618684,
      29.680488306625108,
      56.88577866701751,
      48.51954928775554
    ],
    [
      48.967100408912124,
      76.56439602607473,
      36.983005688652774,
      0.0,
      57.92346407032692,
      63.91177868092891,
      82.75185437121874,
      58.51402568583667,
      94.69450153249662,
      47.45543383993617,
      38.348576320420634,
      26.67238233173653,
      44.461234539203254,
      76.91447838324423,
      68.91575459769416,
      92.34613333670143,
      58.21751128599693,
      66.84002851378212,
      59.23433866735754,
      18.661813149644033,
      67.18004311328701,
      71.63141152644597,
      44.920045901459225,
      58.152699722813125,
      46.68544352171891,
      87.16986375654693,
      40.273279757107396,
      74.29561020115497,
      56.37530327736361,
      20.373409364341065,
      32.67739639390824,
      35.60051526428287,
      61.73531862430148,
      49.16802104107963,
      79.45280112745007,
      90.7477581860914,
      35.56148794160129,
      96.88614143049845,
      67.54980042509585,
      82.77628397181584,
      66.20362812490742,
      51.89847717887319,
      16.641440338230275,
      89.42999958454077,
      73.42585213680935,
      41.532722218620314,
      62.96640276746573,
      38.764819906804746,
      87.75343318483665,
      81.48621436727711
    ],
    [
      24.01826308596736,
      29.983435211102925,
      24.05415712006815,
      57.92346407032692,
      0.0,
      36.40047156792962,
      33.51275018913179,
      35.56710207096004,
      36.879613355916376,
      14.859755830615436,
      48.237858410588565,
      32.74499828646456,
      25.12184468757761,
      20.259156079687674,
      30.348634032617007,
      39.1044251127967,
      11.323820818142014,
      9.702172664978304,
      50.4234373384164,
      47.60447265580787,
      31.129854788356415,
      16.521451340944903,
      41.05895703557111,
      59.34459913806421,
      22.411791019881182,
      56.42413317099974,
      19.57272481668464,
      16.381037598032094,
      29.616110350001954,
      41.18810007672583,
      27.02842047780927,
      31.71348182207823,
      47.54478994445093,
      31.935221323929866,
      33.870980228106454,
      62.58189802641574,
      36.21706869997169,
      50.69246944584497,
      24.518628830567785,
      44.67123647581999,
      34.089489493438926,
      7.351958985232921,
      63.199018474712986,
      36.97717437379368,
      17.62683094955118,
      64.34964843391434,
      39.09576231815773,
      31.992137242788676,
      32.987369659198365,
      24.495801592815727
    ],
    [
      56.65547179386547,
      21.241840187738756,
      48.497025922322706,
      63.91177868092891,
      36.40047156792962,
      0.0,
      67.61351047653815,
      5.5590734125771455,
      57.64466792553507,
      27.272896182536034,
      31.512322824114033,
      39.912725946238474,
      55.56545246425441,
      50.11321691449424,
      10.98413041207559,
      38.76447427059262,
      25.116750268081883,
      42.49047412767151,
      18.41880914042399,
      64.24991272172518,
      67.4635115747962,
      31.528848443062966,
      70.90266113714117,
      29.21595289696506,
      21.113081448261177,
      24.288633155842444,
      31.841479008562715,
      42.49291202106181,
      8.79370601035117,
      57.542912256967774,
      35.61543394045879,
      28.69221678341045,
      81.62679938488913,
      64.22003487231021,
      21.612241415319115,
      29.26802202929555,
      28.412680726976312,
      35.36705859489937,
      60.87944693793611,
      19.30400588495647,
      4.439378896147867,
      40.034369125897726,
      59.27514983509159,
      68.56057170969153,
      33.30860655279331,
      44.922791659857836,
      3.5837835723728393,
      25.27732511361581,
      38.19658398388747,
      39.893898312864565
    ],
    [
      34.32136582223582,
      53.52873132868835,
      45.93291749429157,
      82.75185437121874,
      33.51275018913179,
      67.61351047653815,
      0.0,
      67.95271599449111,
      28.103525814143552,
      48.12176728747758,
      81.36707588102749,
      62.105645611797506,
      38.71688481375179,
      18.524776511268072,
      58.93772663288286,
      50.98362524302567,
      43.40756692765689,
      25.290451589100666,
      83.38008318659371,
      67.1657191450346,
      19.363715020255587,
      37.528762934130306,
      46.835340237241404,
      92.69488354627343,
      55.91024343040178,
      82.99759800391492,
      51.25034854918479,
      26.254824176461728,
      62.19962985758977,
      62.77250211443081,
      57.46214671017144,
      64.26181272730285,
      40.44544749541261,
      37.35621235324383,
      56.80219519697525,
      89.40072416866897,
      69.0034530174231,
      68.14836333325013,
      15.437346404425892,
      69.70068404980361,
      64.3542626274941,
      34.904539109534944,
      92.100625236049,
      8.275325775094698,
      36.39932375240833,
      97.28617430135502,
      70.77134750502515,
      65.06587564782056,
      44.46122586778174,
      34.58638081538889
    ],
    [
      54.15084004033157,
      25.329160166950082,
      44.99654377042898,
      58.51402568583667,
      35.56710207096004,
      5.5590734125771455,
      67.95271599449111,
      0.0,
      60.2426965422961,
      24.56202763087833,
      26.13093182513654,
      35.02371317344444,
      52.677327508620486,
      51.10199199548353,
      14.945875414770596,
      43.15018481622926,
      24.650472835684905,
      42.66399630942436,
      15.795097026095492,
      59.499022861062755,
      66.21086636844862,
      33.31070508203645,
      67.59935723757131,
      26.174686971006533,
      17.43505480374204,
      29.114312285684182,
      28.151818698324803,
      43.738210757666415,
      5.978666239366143,
      52.88783216482853,
      31.09807895174938,
      23.55266702389762,
      79.13055423872181,
      61.485995701215785,
      26.25758900587347,
      33.63198295009153,
      22.966791415936516,
      40.80068509892295,
      60.04007813926553,
      24.86271990278352,
      9.166943291925827,
      38.245807043246465,
      53.71875162144375,
      69.55925444324927,
      35.237919137206845,
      40.05400223014938,
      4.876172895193683,
      20.054888065362164,
      41.94874019573407,
      42.46993187624369
    ],
    [
      52.576093854328846,
      37.84716495688071,
      59.133527542554376,
      94.69450153249662,
      36.879613355916376,
      57.64466792553507,
      28.103525814143552,
      60.2426965422961,
      0.0,
      49.88450335798187,
      81.14622862268419,
      69.53037401072449,
      55.973757082939066,
      18.691291886411513,
      46.89060173818161,
      27.361018445509433,
      40.368382382256655,
      27.916032117597148,
      75.82226674147857,
      82.86529408601778,
      44.54975208039833,
      27.47171008510858,
      68.79184657044604,
      86.40606657111675,
      55.219627016851355,
      65.3822289931898,
      55.9905304368814,
      20.55306963085345,
      55.75731045128465,
      76.96791122888068,
      63.67836986736455,
      66.70577578043707,
      66.62689148955926,
      58.51806060145972,
      39.717848840845676,
      71.51595955754306,
      70.57437275989139,
      45.08002140968015,
      37.46566233365328,
      52.09092987155781,
      53.41930309149401,
      42.88181985150456,
      99.76783256615192,
      21.904152173828038,
      25.409034955349536,
      97.22236932589831,
      61.21742927784493,
      65.9679034474193,
      22.56152510059213,
      17.7853329161825
    ],
    [
      29.59064072932364,
      30.532243887233996,
      21.71020642818,
      47.45543383993617,
      14.859755830615436,
      27.272896182536034,
      48.12176728747758,
      24.56202763087833,
      49.88450335798187,
      0.0,
      33.384198263084635,
      20.85280044273793,
      28.29591519264495,
      34.780842264568015,
      25.767620509307275,
      45.02687658176896,
      10.767100718418748,
      24.36931180007993,
      37.65552115236396,
      41.369716962730024,
      42.63427531078945,
      24.412946210808812,
      43.730207079430826,
      45.63187678477792,
      8.196000881119897,
      50.55645405891181,
      7.272420975923391,
      29.578898081554048,
      18.83060282759418,
      34.45709732398376,
      14.800764004062724,
      17.0657603740866,
      54.57676190455466,
      37.00295970255232,
      33.976639641559764,
      56.11748582845566,
      21.41594908287127,
      51.921027320994135,
      37.372081622529514,
      41.23664464078758,
      26.631395181330873,
      14.468979021446893,
      50.09075898935271,
      51.836672408705596,
      26.323150300467802,
      49.49050783423225,
      28.99655255187228,
      17.134022018009073,
      40.29868567578056,
      34.63924210608208
    ],
    [
      56.670173752910436,
      50.49458977029655,
      43.472963656250336,
      38.348576320420634,
      48.237858410588565,
      31.512322824114033,
      81.36707588102749,
      26.13093182513654,
      81.14622862268419,
      33.384198263084635,
      0.0,
      25.484956049639447,
      53.37838158272708,
      67.8356728878516,
      40.47103309424227,
      68.33131941974854,
      40.98579131030235,
      57.62412221614861,
      21.26426763821477,
      46.55889187134482,
      73.38877743871764,
      53.800022081390225,
      64.2303802754752,
      20.357481725068318,
      26.297438928897733,
      51.429093185421515,
      30.597314072153548,
      61.83981765638579,
      27.481186755380644,
      41.59751801616913,
      26.579813319453915,
      17.500065126088455,
      79.3951195726926,
      61.94074174206236,
      52.00689665814902,
      53.988303438341624,
      12.621822765709377,
      66.8793627067552,
      69.48208380505974,
      50.53364255976272,
      35.2731174440489,
      46.73818435261352,
      29.083512279171693,
      85.2120600038645,
      55.88209844889599,
      16.208951707293387,
      29.17247502926562,
      16.3028135853112,
      66.07219851012945,
      64.10064000291266
    ],
    [
      32.6087337424776,
      50.117336975543495,
      18.798319506147152,
      26.67238233173653,
      32.74499828646456,
      39.912725946238474,
      62.105645611797506,
      35.02371317344444,
      69.53037401072449,
      20.85280044273793,
      25.484956049639447,
      0.0,
      28.807162278743586,
      52.72879144906901,
      43.12031490517121,
      65.67421266037023,
      31.61722558323054,
      42.241663772113405,
      41.060487961596586,
      24.534041079532063,
      50.549674138747626,
      45.19741819042871,
      38.746857593187606,
      44.56024570634784,
      20.497874495053043,
      64.10679911381452,
      13.81554278948387,
      48.977308513650044,
      31.53633017162697,
      18.144435556297225,
      6.058007189176366,
      11.816880484644022,
      54.08329874886129,
      36.94456164725054,
      53.16330869656184,
      68.5973634968361,
      14.859753429461176,
      70.85204103641125,
      48.21566267779815,
      57.7600093395835,
      41.36857071825746,
      27.9715748382731,
      30.5727208579899,
      67.58036147158687,
      47.05712808707828,
      38.482916144934,
      39.847419547290976,
      15.408765895950847,
      61.13193040337451,
      55.26850560488251
    ],
    [
      4.5059297585940845,
      54.56718397659898,
      10.01917070199538,
      44.461234539203254,
      25.12184468757761,
      55.56545246425441,
      38.71688481375179,
      52.677327508620486,
      55.973757082939066,
      28.29591519264495,
      53.37838158272708,
      28.807162278743586,
      0.0,
      37.28794771019506,
      52.790476921460744,
      63.999250006625644,
      33.78856128198558,
      29.680594181848377,
      64.26983635523322,
      28.48780796516012,
      22.9544016868836,
      41.54425652245373,
      16.110284244935308,
      70.45258271934516,
      35.391342966816424,
      78.4585417212897,
      25.216028710952916,
      38.01465963557058,
      47.08407107289611,
      24.198275537965518,
      26.8290873522527,
      36.500427073085156,
      26.80718623485244,
      8.937561053987341,
      58.41798421617804,
      84.20506203703503,
      41.161649689825765,
      75.6688367883048,
      23.310597683730084,
      68.04368635540182,
      54.69227411306529,
      18.055222922902285,
      55.69057925744691,
      45.96788224906491,
      42.439572395895496,
      67.26268570705278,
      57.23474072710874,
      39.07443337522433,
      57.633787012527115,
      48.20234814584049
    ],
    [
      33.964790676110404,
      35.01004781990455,
      40.730712137493626,
      76.91447838324423,
      20.259156079687674,
      50.11321691449424,
      18.524776511268072,
      51.10199199548353,
      18.691291886411513,
      34.780842264568015,
      67.8356728878516,
      52.72879144906901,
      37.28794771019506,
      0.0,
      40.842603564294734,
      33.90192537788043,
      27.42626473217824,
      10.56266710987198,
      66.82520794459387,
      64.34274114204503,
      28.534010797386586,
      19.179749316902033,
      50.50083445213446,
      76.69410469020134,
      41.57035093043162,
      64.48681414764498,
      39.82175152057462,
      7.8206860150246555,
      45.63921051937668,
      58.6062084529356,
      47.17010801231987,
      51.819439913466574,
      50.19728402892548,
      40.21892507654702,
      38.281533876640594,
      70.88928551942037,
      56.182363699333905,
      50.35473501324749,
      20.694597480331286,
      51.17626943402623,
      46.569856561706544,
      25.082483918796804,
      83.28410027805027,
      18.47239649273743,
      17.923444468855894,
      84.03575984286968,
      53.431686941308136,
      51.799211716490376,
      27.108478274854324,
      16.701529638715254
    ],
    [
      53.02113853370026,
      10.400258536823943,
      47.379009265263555,
      68.91575459769416,
      30.348634032617007,
      10.98413041207559,
      58.93772663288286,
      14.945875414770596,
      46.89060173818161,
      25.767620509307275,
      40.47103309424227,
      43.12031490517121,
      52.790476921460744,
      40.842603564294734,
      0.0,
      28.207027167380062,
      19.405822949493512,
      34.5012883742522,
      29.40293285841211,
      66.31417339245515,
      61.208767611371016,
      21.74313615443935,
      68.75036067722685,
      40.19598463531637,
      22.649397681805272,
      26.100939789818085,
      32.105327142948866,
      33.051519109963685,
      13.31821048492866,
      59.410259670943574,
      37.82905300113018,
      33.40617840608401,
      77.52788428036781,
      60.89987768801015,
      11.542516617915961,
      32.23335006103001,
      34.61079940721465,
      27.998004398045385,
      54.03757812654308,
      15.47505895715013,
      6.593868911284068,
      35.570324750682914,
      66.56434169952838,
      59.0826818641075,
      23.30527437521454,
      54.94513403124196,
      14.553367828938397,
      30.555788027467088,
      27.2399097667267,
      29.233849801772745
    ],
    [
      62.21178645381156,
      17.885631381486927,
      62.74534834326933,
      92.34613333670143,
      39.1044251127967,
      38.76447427059262,
      50.98362524302567,
      43.15018481622926,
      27.361018445509433,
      45.02687658176896,
      68.33131941974854,
      65.67421266037023,
      63.999250006625644,
      33.90192537788043,
      28.207027167380062,
      0.0,
      34.40275194794023,
      35.51341589478358,
      56.836052151527745,
      85.47750014966452,
      61.97087712075116,
      22.597022056375796,
      79.55948698679792,
      67.62940671614386,
      46.34264509718673,
      39.36743327775751,
      52.29510266630153,
      28.217185700062917,
      40.85055587818696,
      78.70999550630177,
      59.69469485182721,
      58.47644528536263,
      82.80766197541594,
      69.79470626673128,
      17.228249463286353,
      45.16400619908222,
      60.85343242695645,
      17.77826542163936,
      53.9824642377417,
      26.88324560214173,
      34.36253326700931,
      46.443928748271944,
      92.75631838605928,
      47.17687598436551,
      21.560834496749138,
      83.12934645839678,
      42.15872273950757,
      56.35933363499434,
      6.853049856910157,
      17.39857353244995
    ],
    [
      33.70786483371754,
      21.199479602489845,
      29.711089929499618,
      58.21751128599693,
      11.323820818142014,
      25.116750268081883,
      43.40756692765689,
      24.650472835684905,
      40.368382382256655,
      10.767100718418748,
      40.98579131030235,
      31.61722558323054,
      33.78856128198558,
      27.42626473217824,
      19.405822949493512,
      34.40275194794023,
      0.0,
      18.149365853372682,
      39.972952504069625,
      51.33619776426101,
      42.45212037971579,
      13.826974625119245,
      49.87727590617704,
      49.463377782532,
      14.854228260519204,
      45.48681257187766,
      17.970012759969464,
      20.903599807822157,
      18.812548955593154,
      44.49090129494625,
      25.56740497140914,
      26.535681529715536,
      58.12208291192807,
      41.62674216208574,
      24.940609886048993,
      51.5469622261958,
      30.22316910007775,
      42.67948418629302,
      35.762772175274534,
      34.33798298344226,
      22.77775415970994,
      16.194638302852383,
      60.44799851408384,
      45.60497937196566,
      15.817714509647036,
      57.16684691415124,
      27.911350286943243,
      25.604003248375538,
      29.536511930337603,
      24.222177139413994
    ],
    [
      27.189660660652518,
      31.102921948755906,
      31.386357018895577,
      66.84002851378212,
      9.702172664978304,
      42.49047412767151,
      25.290451589100666,
      42.66399630942436,
      27.916032117597148,
      24.36931180007993,
      57.62412221614861,
      42.241663772113405,
      29.680594181848377,
      10.56266710987198,
      34.5012883742522,
      35.51341589478358,
      18.149365853372682,
      0.0,
      58.11281737062434,
      55.190991944335984,
      27.914331580783646,
      14.93370429990206,
      44.47938812774963,
      67.57242404178814,
      31.488348596742654,
      59.78510211721917,
      29.259086444919355,
      8.346438080917505,
      36.914464160473145,
      49.13571645099672,
      36.63091552597442,
      41.35022057694589,
      47.53458832481531,
      34.474570272707204,
      34.83443345894283,
      66.13485693568632,
      45.78406170009511,
      49.74688505603582,
      20.161984142116566,
      47.04173563772655,
      39.45144493425686,
      14.969007968483485,
      72.77199572423925,
      27.72480426537789,
      14.845562637409586,
      73.79258819602177,
      45.56821046079595,
      41.47047670708902,
      28.80344067728426,
      18.75863558410424
    ],
    [
      66.4617199722408,
      39.599884161441665,
      55.415140980851945,
      59.23433866735754,
      50.4234373384164,
      18.41880914042399,
      83.38008318659371,
      15.795097026095492,
      75.82226674147857,
      37.65552115236396,
      21.26426763821477,
      41.060487961596586,
      64.26983635523322,
      66.82520794459387,
      29.40293285841211,
      56.836052151527745,
      39.972952504069625,
      58.11281737062434,
      0.0,
      64.91834961667848,
      80.2479767753316,
      49.08338338382277,
      77.90550550751244,
      10.820527389695059,
      29.55522772326729,
      31.298852396200264,
      39.05811512964288,
      59.516727260212505,
      21.22934768442703,
      59.0219764966553,
      39.18646098856423,
      29.538570249323662,
      91.07487148718451,
      73.20739485567692,
      39.60821250734998,
      33.073707224885375,
      26.315513723430985,
      50.759987096995374,
      74.59220581312776,
      33.73882423725594,
      22.835075377358418,
      52.04329624763002,
      50.145542206639654,
      85.25906098854695,
      50.99107475555408,
      29.66814691631382,
      14.859593180921758,
      26.174143153821568,
      56.59427083471553,
      58.03748920254477
    ],
    [
      32.844495953362134,
      71.90129752737414,
      23.80850984688433,
      18.661813149644033,
      47.60447265580787,
      64.24991272172518,
      67.1657191450346,
      59.499022861062755,
      82.86529408601778,
      41.369716962730024,
      46.55889187134482,
      24.534041079532063,
      28.48780796516012,
      64.34274114204503,
      66.31417339245515,
      85.47750014966452,
      51.33619776426101,
      55.190991944335984,
      64.91834961667848,
      0.0,
      50.16942553069868,
      63.288427472922585,
      26.316025481676157,
      66.83000881573828,
      43.89562800699187,
      88.5159203180818,
      34.382856594626546,
      63.306314263441145,
      55.684973495939104,
      6.923756230289086,
      28.74251942396821,
      36.30463698434586,
      43.084531130349234,
      31.499827908941878,
      75.3254813840361,
      93.10896081492942,
      38.6691306838156,
      93.26387611676061,
      51.73238005017544,
      81.44565814954703,
      65.36573552039938,
      40.579453079398554,
      34.03655871638862,
      74.44990590415033,
      64.77388267010939,
      54.84350293037984,
      64.34303822865816,
      39.90462410546839,
      79.96883711846209,
      72.09168606213329
    ],
    [
      18.529974392828507,
      58.95090586367018,
      32.198170730422746,
      67.18004311328701,
      31.129854788356415,
      67.4635115747962,
      19.363715020255587,
      66.21086636844862,
      44.54975208039833,
      42.63427531078945,
      73.38877743871764,
      50.549674138747626,
      22.9544016868836,
      28.534010797386586,
      61.208767611371016,
      61.97087712075116,
      42.45212037971579,
      27.914331580783646,
      80.2479767753316,
      50.16942553069868,
      0.0,
      42.84509946512029,
      27.734011465215627,
      88.12809424098155,
      50.813096558045096,
      87.08970514673845,
      42.99575313788886,
      33.85269156444059,
      60.23428226604808,
      46.81072095367058,
      47.25005547748848,
      55.90714639863784,
      22.078325304550198,
      18.952764206076232,
      62.71916273795772,
      93.3535766006226,
      60.78069000192534,
      77.37648595757788,
      7.9937299010381535,
      74.70121767021364,
      65.21658749483967,
      28.2046846370547,
      78.60407384655542,
      27.611528780605976,
      42.62901103456171,
      88.34616986448583,
      70.02585867906399,
      57.69048901438526,
      55.117963451475305,
      44.572786928060665
    ],
    [
      40.04255155747495,
      16.37297764423302,
      40.22687167822756,
      71.63141152644597,
      16.521451340944903,
      31.528848443062966,
      37.528762934130306,
      33.31070508203645,
      27.47171008510858,
      24.412946210808812,
      53.800022081390225,
      45.19741819042871,
      41.54425652245373,
      19.179749316902033,
      21.74313615443935,
      22.597022056375796,
      13.826974625119245,
      14.93370429990206,
      49.08338338382277,
      63.288427472922585,
      42.84509946512029,
      0.0,
      57.310101384981465,
      59.43142863674963,
      28.304725809647778,
      45.60900786078383,
      31.405425275246486,
      11.35994589934957,
      28.452785978910732,
      56.629840747741035,
      39.14111309966453,
      40.268789590574094,
      62.101857888020234,
      47.808607240007774,
      19.997958914134866,
      52.00628875318374,
      43.738454891583224,
      35.064697038814266,
      35.046798981836474,
      32.52090210296166,
      27.714804033077336,
      23.850555585790485,
      74.27473336484684,
      37.33955243296948,
      2.0822890124828817,
      69.80747394394749,
      34.98607461272939,
      39.08659288044788,
      16.692181008322727,
      10.457144196307452
    ],
    [
      17.354815432341137,
      70.66983347933267,
      22.66504827953366,
      44.920045901459225,
      41.05895703557111,
      70.90266113714117,
      46.835340237241404,
      67.59935723757131,
      68.79184657044604,
      43.730207079430826,
      64.2303802754752,
      38.746857593187606,
      16.110284244935308,
      50.50083445213446,
      68.75036067722685,
      79.55948698679792,
      49.87727590617704,
      44.47938812774963,
      77.90550550751244,
      26.316025481676157,
      27.734011465215627,
      57.310101384981465,
      0.0,
      82.90224078385229,
      50.16463482716679,
      94.2169533768769,
      39.50906981901711,
      52.62885939196461,
      62.248415213579506,
      26.01278660470194,
      38.90434483221815,
      48.810952729558025,
      16.896874686102244,
      10.285062577807146,
      74.52414923493217,
      99.8439259733051,
      52.99451605159168,
      91.71291030272708,
      32.276392645317046,
      84.07142037741157,
      70.33764826552724,
      34.12897523002493,
      59.413376008668116,
      54.9348415344975,
      58.06484616097991,
      76.21775261306854,
      72.30083050508499,
      51.89408792457215,
      73.04201829096411,
      63.23297409533322
    ],
    [
      73.1261534915681,
      50.418088706001676,
      61.01271288233426,
      58.152699722813125,
      59.34459913806421,
      29.21595289696506,
      92.69488354627343,
      26.174686971006533,
      86.40606657111675,
      45.63187678477792,
      20.357481725068318,
      44.56024570634784,
      70.45258271934516,
      76.69410469020134,
      40.19598463531637,
      67.62940671614386,
      49.463377782532,
      67.57242404178814,
      10.820527389695059,
      66.83000881573828,
      88.12809424098155,
      59.43142863674963,
      82.90224078385229,
      0.0,
      37.444366829658314,
      39.58389860494656,
      45.655143802006116,
      69.57261672052847,
      31.133766606893438,
      61.62394615531176,
      44.09067786721725,
      34.171259018106994,
      97.12695767955404,
      79.32020280283444,
      50.40495171466004,
      40.008096972995496,
      29.919401478378408,
      60.9082401456339,
      82.98837227418382,
      43.931039781425234,
      33.64204382121008,
      60.08604072139186,
      46.49248457012214,
      95.03098963366493,
      61.382992146813145,
      22.214078313002375,
      25.669764522468906,
      31.382147843428484,
      67.40620539820823,
      68.62562310640028
    ],
    [
      37.16077427348938,
      29.904268713885184,
      27.57046432868209,
      46.68544352171891,
      22.411791019881182,
      21.113081448261177,
      55.91024343040178,
      17.43505480374204,
      55.219627016851355,
      8.196000881119897,
      26.297438928897733,
      20.497874495053043,
      35.391342966816424,
      41.57035093043162,
      22.649397681805272,
      46.34264509718673,
      14.854228260519204,
      31.488348596742654,
      29.55522772326729,
      43.89562800699187,
      50.813096558045096,
      28.304725809647778,
      50.16463482716679,
      37.444366829658314,
      0.0,
      45.237792001461244,
      10.76346546168488,
      35.57690729130722,
      12.3199274506852,
      37.04273432357592,
      15.223455844833111,
      12.2194921283492,
      62.03373662556657,
      44.267590309103454,
      32.77661800698187,
      50.378822645723304,
      15.436360779496681,
      50.36943954651429,
      45.54647870094982,
      37.56171000441248,
      21.573356492479896,
      22.664680228390697,
      46.571236324049636,
      59.19276569495514,
      30.36499586748674,
      42.50637309741576,
      22.17010023879996,
      10.789377765867487,
      42.60178104784484,
      38.75968971610351
    ],
    [
      78.95631243993222,
      29.482638715143636,
      72.19471190559467,
      87.16986375654693,
      56.42413317099974,
      24.288633155842444,
      82.99759800391492,
      29.114312285684182,
      65.3822289931898,
      50.55645405891181,
      51.429093185421515,
      64.10679911381452,
      78.4585417212897,
      64.48681414764498,
      26.100939789818085,
      39.36743327775751,
      45.48681257187766,
      59.78510211721917,
      31.298852396200264,
      88.5159203180818,
      87.08970514673845,
      45.60900786078383,
      94.2169533768769,
      39.58389860494656,
      45.237792001461244,
      0.0,
      55.843934370758454,
      56.75013419862758,
      32.9978401123308,
      81.82726014424365,
      59.9040532865965,
      52.658462136790426,
      103.59230021158156,
      86.7771951175525,
      26.433525292745042,
      6.403253654012902,
      51.696960775226046,
      25.436565149613926,
      79.72641490698051,
      13.47741161663904,
      23.940343502176507,
      61.59977670743186,
      80.46498533446352,
      81.77750524757961,
      46.60730918419426,
      60.82834189486747,
      24.37809281647649,
      49.135476992296866,
      42.85511420839668,
      49.762667155542616
    ],
    [
      27.526225476377395,
      37.626053350453105,
      16.859904251305185,
      40.273279757107396,
      19.57272481668464,
      31.841479008562715,
      51.25034854918479,
      28.151818698324803,
      55.9905304368814,
      7.272420975923391,
      30.597314072153548,
      13.81554278948387,
      25.216028710952916,
      39.82175152057462,
      32.105327142948866,
      52.29510266630153,
      17.970012759969464,
      29.259086444919355,
      39.05811512964288,
      34.382856594626546,
      42.99575313788886,
      31.405425275246486,
      39.50906981901711,
      45.655143802006116,
      10.76346546168488,
      55.843934370758454,
      0.0,
      35.46966627884813,
      23.05850633043484,
      27.459113576770356,
      7.78446196046279,
      13.144865216782035,
      52.01756514686013,
      34.15297932416918,
      40.97535654991536,
      61.08826922210798,
      17.99812065720822,
      58.90031399082126,
      38.88714918300411,
      47.44779465471435,
      32.00049867518066,
      16.35300926459083,
      43.783940730317056,
      55.84163474329115,
      33.24944621204806,
      46.1676139587458,
      32.92085166931729,
      14.696648223756963,
      47.49896428972474,
      41.45350409972516
    ],
    [
      35.41621219150063,
      27.30211414190362,
      39.504980625704306,
      74.29561020115497,
      16.381037598032094,
      42.49291202106181,
      26.254824176461728,
      43.738210757666415,
      20.55306963085345,
      29.578898081554048,
      61.83981765638579,
      48.977308513650044,
      38.01465963557058,
      7.8206860150246555,
      33.051519109963685,
      28.217185700062917,
      20.903599807822157,
      8.346438080917505,
      59.516727260212505,
      63.306314263441145,
      33.85269156444059,
      11.35994589934957,
      52.62885939196461,
      69.57261672052847,
      35.57690729130722,
      56.75013419862758,
      35.46966627884813,
      0.0,
      38.442039678556306,
      57.12461550746123,
      43.13409253612426,
      46.575060838712645,
      54.624810373426634,
      42.52382241149623,
      30.670619543104774,
      63.153369747378655,
      50.66957353481407,
      43.700195517507,
      25.860568425525603,
      43.49532810406729,
      38.8591192974632,
      22.798874894099384,
      79.25354264655152,
      26.09399843693562,
      10.144891266117959,
      78.03811657461372,
      45.86156197403995,
      46.14387836869402,
      21.378285283760434,
      10.923592521498625
    ],
    [
      48.398674364440886,
      23.035033391286255,
      39.7666117948845,
      56.37530327736361,
      29.616110350001954,
      8.79370601035117,
      62.19962985758977,
      5.978666239366143,
      55.75731045128465,
      18.83060282759418,
      27.481186755380644,
      31.53633017162697,
      47.08407107289611,
      45.63921051937668,
      13.31821048492866,
      40.85055587818696,
      18.812548955593154,
      36.914464160473145,
      21.22934768442703,
      55.684973495939104,
      60.23428226604808,
      28.452785978910732,
      62.248415213579506,
      31.133766606893438,
      12.3199274506852,
      32.9978401123308,
      23.05850633043484,
      38.442039678556306,
      0.0,
      48.92461016226818,
      26.971349694781424,
      20.7986408089485,
      73.3912676128948,
      55.82987131385746,
      24.796467612303942,
      38.061339056748864,
      21.440385764879537,
      41.01967873299103,
      54.07161347009015,
      26.433493046575535,
      9.883338545567055,
      32.30119030625984,
      53.28173659877035,
      64.04906338598691,
      30.45572887468265,
      42.6074812606313,
      10.16621387637326,
      17.64615022279665,
      38.789638523537185,
      38.10165957322292
    ],
    [
      28.69485080878053,
      64.98931763026978,
      17.876319154710586,
      20.373409364341065,
      41.18810007672583,
      57.542912256967774,
      62.77250211443081,
      52.88783216482853,
      76.96791122888068,
