{
  "n": 80,
  "cities": [
    [
      24.87559093571018,
      16.306678318635647
    ],
    [
      78.36432556412277,
      80.85233888414788
    ],
    [
      62.56284278232959,
      60.41136332754239
    ],
    [
      88.57019031149136,
      75.91174678329831
    ],
    [
      18.110505614124406,
      15.016931614283891
    ],
    [
      43.567937114395825,
      38.52725526500896
    ],
    [
      57.57098698077493,
      14.609069445663325
    ],
    [
      68.6593018705155,
      46.880400506122875
    ],
    [
      56.99991476659645,
      64.57010148048536
    ],
    [
      72.33406440863502,
      68.06707599795607
    ],
    [
      18.09171394037925,
      11.815848349646341
    ],
    [
      24.273439553436816,
      0.8183416121430698
    ],
    [
      36.00684977113349,
      14.604174530616609
    ],
    [
      54.272305703134386,
      85.71034377480242
    ],
    [
      20.021216458487412,
      13.463345870123334
    ],
    [
      21.35935606486695,
      97.31556538429635
    ],
    [
      85.83297869224262,
      53.37853219096339
    ],
    [
      43.44585909891222,
      18.719256650424366
    ],
    [
      28.827597995581733,
      62.71673310895937
    ],
    [
      35.570587151583354,
      72.94554143716817
    ],
    [
      55.69882332680919,
      94.23899531226483
    ],
    [
      15.354563302164525,
      89.62255928860061
    ],
    [
      17.803467095724322,
      59.42625178776859
    ],
    [
      4.262962777106849,
      65.33905473897383
    ],
    [
      36.67195504258793,
      79.55697723224631
    ],
    [
      1.0907046727330783,
      48.02770389318432
    ],
    [
      9.681013063787914,
      12.807294440036731
    ],
    [
      81.92242079392031,
      60.3385784259556
    ],
    [
      96.58762082517207,
      69.32007772209192
    ],
    [
      97.54580945429197,
      51.72967382144137
    ],
    [
      52.487465588629,
      11.794287378154333
    ],
    [
      33.18013886465613,
      27.24164335953564
    ],
    [
      86.98608377043516,
      8.689839687079848
    ],
    [
      47.85215592800657,
      83.77898351745696
    ],
    [
      50.97879964582101,
      4.83459820917963
    ],
    [
      61.32571666254481,
      40.832122480667046
    ],
    [
      71.2622939283032,
      8.858355638882099
    ],
    [
      38.18441536191586,
      2.389482613544247
    ],
    [
      38.53047099483248,
      14.210886403997879
    ],
    [
      22.25725399720441,
      79.38129264940265
    ],
    [
      71.80839738379234,
      48.370248091061654
    ],
    [
      98.02304834339034,
      76.13146677270986
    ],
    [
      9.081082270942053,
      53.72969396051979
    ],
    [
      67.79340356425098,
      74.01805976261569
    ],
    [
      62.755658516776,
      88.32838023788622
    ],
    [
      79.9860475035343,
      55.39427886087731
    ],
    [
      87.05216043587282,
      40.92046819728046
    ],
    [
      6.7217085386541475,
      14.114857011550864
    ],
    [
      99.7486261159769,
      19.689526501123655
    ],
    [
      88.78846240944,
      64.78467554049107
    ],
    [
      2.770939779749837,
      63.71465335296547
    ],
    [
      87.6907942711342,
      16.563905576389782
    ],
    [
      23.385566353262288,
      26.11255144717475
    ],
    [
      32.26827548432427,
      75.452097035906
    ],
    [
      8.452374221941394,
      99.08107762162643
    ],
    [
      14.896651001342331,
      87.5353962148444
    ],
    [
      3.9268590594816466,
      11.253882130148728
    ],
    [
      29.084537983917336,
      90.2993001836126
    ],
    [
      92.03231060767371,
      2.0254782965035356
    ],
    [
      76.19480690298754,
      31.637426110081503
    ],
    [
      41.92028303613489,
      56.78160990456398
    ],
    [
      69.86276702569918,
      3.139636497560838
    ],
    [
      0.7759622340355432,
      74.71106811226758
    ],
    [
      96.78785609421354,
      29.009941448079267
    ],
    [
      94.21326930059516,
      59.11282473862194
    ],
    [
      13.539991182696031,
      8.816218995638348
    ],
    [
      62.94863094338877,
      50.463553555705445
    ],
    [
      52.230946825479485,
      62.84375513591209
    ],
    [
      22.54134060483154,
      26.188823177529663
    ],
    [
      56.247388227799036,
      39.14950225764976
    ],
    [
      70.80075715980963,
      21.354274100323124
    ],
    [
      28.545202675969485,
      84.76786624992057
    ],
    [
      46.157858761444636,
      7.439064134197626
    ],
    [
      86.00214078203517,
      42.02944032207011
    ],
    [
      52.49212660689055,
      65.17022327613992
    ],
    [
      37.1040855949764,
      98.61277958908227
    ],
    [
      27.732363524993463,
      68.13782099808738
    ],
    [
      54.521059132747,
      52.71150399161731
    ],
    [
      0.7724887406071357,
      75.75674644583668
    ],
    [
      20.161453131462693,
      74.03702502687028
    ]
  ],
  "distances": [
    [
      0.0,
      83.82831878301667,
      58.01337941790153,
      87.23397375058865,
      6.886931535141139,
      29.03718039847397,
      32.73943796752214,
      53.40192722758459,
      57.9769798876366,
      70.22425131179192,
      8.135634019432823,
      15.50003742643414,
      11.26070345979365,
      75.37264502370083,
      5.625788031722741,
      81.08516320069846,
      71.3451152611829,
      18.72632889437361,
      46.578015688113254,
      57.639775844614505,
      83.80642986687357,
      73.93151134395137,
      43.695681156929574,
      53.188855759741465,
      64.34092413699955,
      39.64775249675481,
      15.592334149693809,
      72.06350688061592,
      89.17979450064601,
      80.84398103712002,
      27.97815744198032,
      13.730949593886997,
      62.57579045374963,
      71.27716680458133,
      28.51291158407683,
      43.93300669026617,
      46.98088680798575,
      19.256509130716903,
      13.814778071995107,
      63.128936798417115,
      56.83978208653138,
      94.49632711795266,
      40.61955937346121,
      71.92038785345294,
      81.3758260621144,
      67.56480547788085,
      66.8712527697712,
      18.2857192018343,
      74.94941666838523,
      80.21827319669583,
      52.30804622218592,
      62.81573000397907,
      9.918433397936603,
      59.60564017000867,
      84.38793294777622,
      71.92433173378402,
      21.549480656027452,
      74.11223465601397,
      68.65841296717278,
      53.560188156325374,
      43.9174409054519,
      46.874481361073336,
      63.181206467786595,
      73.02565832885574,
      81.4866848777243,
      13.586861397321,
      51.149276645785,
      53.981617376223774,
      10.154088418926264,
      38.80701316572444,
      46.20172200131154,
      68.55946545362617,
      23.055791140846555,
      66.3182899447851,
      56.12770321589526,
      83.20955707112445,
      51.909811221815886,
      46.948536898413636,
      64.1503712830754,
      57.92250017299333
    ],
    [
      83.82831878301667,
      0.0,
      25.83641499529394,
      11.338832636059067,
      89.2458607945247,
      54.79234757255244,
      69.43006319557404,
      35.331007373889115,
      26.861669784186645,
      14.136017709115194,
      91.64510209098434,
      96.59847135827924,
      78.6318957915054,
      24.576932935170774,
      89.13582197722933,
      59.33468104242473,
      28.4708769405272,
      71.27285042808855,
      52.7521333694942,
      43.51805939134253,
      26.323517280069385,
      63.617190336033985,
      64.23935543489691,
      75.7078196216339,
      41.712488795493414,
      83.95635263609422,
      96.68260179277199,
      20.820048266043987,
      21.565749179688755,
      34.8720367140121,
      73.74704305933743,
      70.1121772755984,
      72.67572500453615,
      30.6522061965009,
      80.80014806390332,
      43.496343688663856,
      72.34343423473751,
      88.15239643934143,
      77.63903115386913,
      56.12635260588431,
      33.137085215751064,
      20.21761644716427,
      74.40299502624393,
      12.58776243175824,
      17.306694696496336,
      25.509660958100092,
      40.86603444563099,
      97.91095986125957,
      64.79334787378293,
      19.15287013204531,
      77.51167808601961,
      64.96141682344162,
      77.58291237773159,
      46.411296523355105,
      72.24934502423386,
      63.81856289272254,
      101.90623927006561,
      50.17711173178218,
      80.00304847475907,
      49.26270851851303,
      43.675716701507824,
      78.17634303169018,
      77.83103064289445,
      55.0187299845469,
      26.903447601476472,
      96.90921987399724,
      34.07523902158113,
      31.7374002229955,
      78.1300556711241,
      47.204719042011725,
      59.976889549450064,
      49.97275617671126,
      80.1671092994109,
      39.567078159302525,
      30.253915925472104,
      44.92038130231124,
      52.20397058660178,
      36.88370836244963,
      77.75897507004868,
      58.600536366024
    ],
    [
      58.01337941790153,
      25.83641499529394,
      0.0,
      30.27612942200619,
      63.53475198885634,
      28.977933449891538,
      46.073514617245465,
      14.840949035980206,
      6.945593648707949,
      12.413166741903993,
      65.87264513016208,
      70.83365469038569,
      52.94827013499023,
      26.622761252964654,
      63.355396877137046,
      55.31408000791339,
      24.309667604915106,
      45.86600946592405,
      33.813924212532164,
      29.760502094544275,
      34.51700231450552,
      55.51500356617766,
      44.77021506091373,
      58.50776146178954,
      32.20081675578893,
      62.70708719715399,
      71.15219806181129,
      19.359714833353458,
      35.171731732008155,
      36.04413530453984,
      49.65010875581148,
      44.31222869896806,
      57.19799566465599,
      27.61249682781431,
      56.771179980780346,
      19.618286193656306,
      52.28186159642987,
      62.93525534294597,
      52.07724034254749,
      44.54659028244454,
      15.181196791651095,
      38.788501269828025,
      53.89752696485822,
      14.577412457964227,
      27.917682767018352,
      18.13116651797843,
      31.298908481207654,
      72.53687869412927,
      55.14572038385604,
      26.58776005115521,
      59.88308099673868,
      50.53724861191822,
      52.06983277104317,
      33.82283959485481,
      66.50781616780728,
      54.84322199664511,
      76.51559674222113,
      44.87856572672341,
      65.40153748014399,
      31.839753591717482,
      20.959255301342203,
      57.73508108634614,
      63.42002968163489,
      46.447829144650655,
      31.67705322871816,
      71.17091328337514,
      9.955287628284179,
      10.61435838723187,
      52.65836012318191,
      22.179984273794165,
      39.91640580254765,
      41.83824892384547,
      55.45437748775768,
      29.787510538783078,
      11.138495064263179,
      45.907477843070964,
      35.677169638726184,
      11.13364801220725,
      63.66732785070092,
      44.53691166963841
    ],
    [
      87.23397375058865,
      11.338832636059067,
      30.27612942200619,
      0.0,
      93.12757745222838,
      58.504726295373295,
      68.69475129805251,
      35.20316101111169,
      33.54571829839702,
      18.031934007859636,
      95.26541779476138,
      98.85894829626032,
      80.7559482903855,
      35.67011902993994,
      92.72952384711382,
      70.53665494501175,
      22.698856519938747,
      72.85043716396922,
      61.18239716201855,
      53.0825424152154,
      37.63528671452044,
      74.48835088739999,
      72.66154870318012,
      84.9675845931765,
      52.026094693455406,
      91.81601306699955,
      101.02313691606761,
      16.932702449546763,
      10.379272279604384,
      25.79407667913666,
      73.57317190386824,
      73.73490873773974,
      67.24056950373073,
      41.47109520962697,
      80.40568202314056,
      44.41667913770571,
      69.25114108213128,
      89.13052028298932,
      79.44161177138798,
      66.4036389901915,
      32.241151535972385,
      9.455411246740363,
      82.52612776881428,
      20.862907708960545,
      28.645468020717722,
      22.240818278448657,
      35.02419152225476,
      102.55744514163743,
      57.32273092318942,
      11.12921188365335,
      86.66187443136005,
      59.35435614439959,
      82.03045200839212,
      56.30379108990668,
      83.40073348871012,
      74.5848484652986,
      106.51353428997864,
      61.20085396204785,
      73.96733703363911,
      45.971356142518836,
      50.41999589248761,
      75.13819083151614,
      87.80243796721933,
      47.61627216214332,
      17.721402945037354,
      100.65456090218332,
      36.11197644829356,
      38.617522225433014,
      82.65699078414224,
      48.951263079772744,
      57.378311059891516,
      60.67478877302862,
      80.5438646743223,
      33.97948748168999,
      37.64315353325317,
      56.250305111533066,
      61.33249620077344,
      41.20187616626563,
      87.79783839158377,
      68.43442046390297
    ],
    [
      6.886931535141139,
      89.2458607945247,
      63.53475198885634,
      93.12757745222838,
      0.0,
      34.65279406848536,
      39.46258913498157,
      59.75333842381804,
      62.99129136648172,
      75.85850082535387,
      3.2011384215845364,
      15.478427335786478,
      17.901103390468162,
      79.40550553062722,
      2.462609306249228,
      82.36273520022222,
      77.83280644189276,
      25.604439983572824,
      48.888926473631386,
      60.50271302434859,
      87.68704012017217,
      74.65651276818134,
      44.410381566958606,
      52.19262896616236,
      67.1561232744571,
      37.14006880087873,
      8.714289477518715,
      78.2688455813383,
      95.43316660917206,
      87.50881633612092,
      34.52768183590306,
      19.4045722333688,
      69.16557929072351,
      74.91852604882129,
      34.40936887138102,
      50.33863869263161,
      53.507388826591686,
      23.71527610694755,
      20.435867856059872,
      64.49780223861656,
      63.21318929232305,
      100.60318530288808,
      39.751835861838465,
      77.13315416536888,
      85.83564630730186,
      73.88445611074161,
      73.64743700270735,
      11.424466614032177,
      81.77173021314586,
      86.4418990551748,
      51.05654103565156,
      69.59748341737824,
      12.285725264616445,
      62.07134336581066,
      84.6171386063868,
      72.58964505695594,
      14.674343971949115,
      76.07801524659745,
      75.05472078965052,
      60.41545243975473,
      48.074877572140245,
      53.09770899484935,
      62.16008628079671,
      79.91201288151535,
      87.95497956995871,
      7.703144756975888,
      57.156981114303846,
      58.75040048056274,
      12.018463288449016,
      45.13095147840606,
      53.06999639846363,
      70.52712800984696,
      29.053022116747904,
      73.06811720895047,
      60.8066487039815,
      85.72643629076519,
      53.9852668659074,
      52.40810237208087,
      63.165908011186616,
      59.05571786160337
    ],
    [
      29.03718039847397,
      54.79234757255244,
      28.977933449891538,
      58.504726295373295,
      34.65279406848536,
      0.0,
      27.715790056374843,
      26.445257055732863,
      29.30269377808413,
      41.232160851003485,
      36.9125616370685,
      42.35846792565978,
      25.089516408984377,
      48.38209739362873,
      34.38964390339655,
      62.84334872454682,
      44.798372357804524,
      19.80837479848485,
      28.32681478212135,
      35.33519533632639,
      57.01715864011056,
      58.3671530497416,
      33.174929856765964,
      47.57891968810397,
      41.605199836600896,
      43.526702149825745,
      42.542214404633135,
      44.1225592679545,
      61.3130065782472,
      55.56900717199612,
      28.181723869242937,
      15.338558881402655,
      52.68213005769021,
      45.454080572334725,
      34.49805824885522,
      17.906734692915784,
      40.58597053614966,
      36.536569607290396,
      24.832677251768445,
      46.0781682093243,
      29.906656516586533,
      66.1773062467646,
      37.688954605881754,
      42.97057631217436,
      53.369660868132726,
      40.13446460710613,
      43.55003037899372,
      44.19965778986582,
      59.25478750003315,
      52.29099375115211,
      47.945802881631955,
      49.28706983802655,
      23.694998637358164,
      38.61510446392569,
      69.99905827402758,
      56.7788739474068,
      48.11706507580355,
      53.75977571964617,
      60.67268924280882,
      33.34639977547512,
      18.328563153402225,
      44.08743179291147,
      56.0394631159759,
      54.06421217874429,
      54.66914433941165,
      42.24243379679895,
      22.761513793630886,
      25.813560452327412,
      24.37939021291057,
      12.694710388860095,
      32.1953066410082,
      48.619714666639176,
      31.195886298095598,
      42.57847978827566,
      28.097845158305308,
      60.43220672591649,
      33.57902610169531,
      17.92104332585522,
      56.72288264093198,
      42.53007454712143
    ],
    [
      32.73943796752214,
      69.43006319557404,
      46.073514617245465,
      68.69475129805251,
      39.46258913498157,
      27.715790056374843,
      0.0,
      34.123152484901276,
      49.96429570661755,
      55.45905624590059,
      39.577962098740606,
      36.04040564219639,
      21.56413776519794,
      71.17775291057559,
      37.56724569073438,
      90.28647010508863,
      47.97719684452478,
      14.710978095869653,
      56.04042927650484,
      62.34710544251371,
      79.65193086339893,
      86.07700091562434,
      59.91690471722824,
      73.58856468472776,
      68.22756233229974,
      65.62642316882082,
      47.92385621942998,
      51.80907565605308,
      67.19815580186108,
      54.55204580043021,
      5.810782032736688,
      27.468079574535665,
      30.00475295815614,
      69.84935711752522,
      11.789708300546454,
      26.490498399610786,
      14.850003206024565,
      22.91631430838847,
      19.044679013981835,
      73.77330571412632,
      36.64042901646279,
      73.62998466217269,
      62.30324326390289,
      60.28205314424739,
      73.90140460516682,
      46.53888960086849,
      39.51492493420895,
      50.851680051050046,
      42.48251742672152,
      59.09418092437378,
      73.58263072296118,
      30.183177028046146,
      36.06900444480086,
      65.89462205233175,
      97.71467793853809,
      84.49466307010681,
      53.748951081470125,
      80.87328857920006,
      36.686913093459694,
      25.235126296209376,
      44.98297125269055,
      16.811774112919103,
      82.69174734943772,
      41.777361542952214,
      57.647559261264064,
      44.410423408326075,
      36.255524894640544,
      48.52938215655807,
      36.89399438545949,
      24.576101323409695,
      14.850070869302952,
      75.92597002034381,
      13.47844471433258,
      39.4994587997179,
      50.815598976756455,
      86.46107430627698,
      61.28352708923543,
      38.224306118056404,
      83.4572214062742,
      70.22218401178324
    ],
    [
      53.40192722758459,
      35.331007373889115,
      14.840949035980206,
      35.20316101111169,
      59.75333842381804,
      26.445257055732863,
      34.123152484901276,
      0.0,
      21.186477484504007,
      21.503002071985478,
      61.53538629931826,
      63.967320118816374,
      45.91227930874683,
      41.409541810663775,
      59.01154881117016,
      69.1447086153802,
      18.36194137259607,
      37.79904389873188,
      42.86436823152857,
      42.1219018267947,
      49.100005153708565,
      68.32486583394645,
      52.38047646806997,
      66.98962908332318,
      45.72689606378679,
      67.5783370048282,
      68.11325207006729,
      18.89531361206402,
      35.8263885033073,
      29.290711361696818,
      38.63371096797132,
      40.55184077029021,
      42.36023926372757,
      42.36086342978834,
      45.61194634863836,
      9.505952823140799,
      38.11104122874861,
      53.927363023201885,
      44.44146264024683,
      56.6520788404641,
      3.4837405727304374,
      41.4470081508368,
      59.97063507650592,
      27.151470122229146,
      41.86631138150121,
      14.169731517381205,
      19.33437455236713,
      70.07029547702598,
      41.302417740311235,
      26.939676473708722,
      68.00491399829335,
      35.795077424407665,
      49.809785004770376,
      46.267144325433435,
      79.68553713314415,
      67.4036445940186,
      73.8886863049912,
      58.74830028080737,
      50.57926041232984,
      17.003884983520212,
      28.513314009022867,
      43.75731669598191,
      73.36684441629886,
      33.32519871899841,
      28.33085692352778,
      66.98522467502428,
      6.741717007904098,
      22.90675752964992,
      50.547084224990456,
      14.62266692510282,
      25.615795128024292,
      55.17790331896747,
      45.40852295323099,
      18.008494557241196,
      24.410964195692898,
      60.59678803186735,
      46.11824160037279,
      15.293517436175673,
      73.77304895261634,
      55.58348304736674
    ],
    [
      57.9769798876366,
      26.861669784186645,
      6.945593648707949,
      33.54571829839702,
      62.99129136648172,
      29.30269377808413,
      49.96429570661755,
      21.186477484504007,
      0.0,
      15.727840793327958,
      65.55043336947428,
      71.66107078594577,
      54.19688767690773,
      21.31548018378925,
      63.081888031188605,
      48.399533374271435,
      30.928899083261435,
      47.812261990759374,
      28.233214598535707,
      23.00791334518543,
      29.69740898018023,
      48.600009679252715,
      39.53252710966856,
      52.74255771438726,
      25.255343817490044,
      58.30515149844049,
      70.13178060670337,
      25.27918301771264,
      39.871653405345654,
      42.53053207394469,
      52.96837501516864,
      44.280870697245255,
      63.41745808234759,
      21.275869920623446,
      60.0381893329055,
      24.128908160934383,
      57.50838272870908,
      64.96500889342916,
      53.63926636670449,
      37.76802696963751,
      21.948266611799113,
      42.6211526812653,
      49.12971547796211,
      14.344452451242919,
      24.44553938108333,
      24.74990947350387,
      38.24189618986765,
      71.22941608576782,
      61.98159672443715,
      31.78927182664872,
      54.2357218042031,
      56.97828472272975,
      51.077466399750186,
      27.01984102204568,
      59.56400899158261,
      47.959249180137704,
      75.22877433471665,
      37.963929285888526,
      71.68750691433065,
      38.118302574748704,
      16.97220946590459,
      62.76268793047204,
      57.13118275172134,
      53.3629577199412,
      37.61137627248391,
      70.69130335516947,
      15.309536848191826,
      5.071816925404826,
      51.580188613757414,
      25.431735313179566,
      45.36596727629965,
      34.89441705834775,
      58.150714584446625,
      36.73160109917727,
      4.547559814054602,
      39.43029230467142,
      29.484202180763425,
      12.114910633448964,
      57.329438014766204,
      38.03544264335987
    ],
    [
      70.22425131179192,
      14.136017709115194,
      12.413166741903993,
      18.031934007859636,
      75.85850082535387,
      41.232160851003485,
      55.45905624590059,
      21.503002071985478,
      15.727840793327958,
      0.0,
      78.14367022518876,
      82.65721951508968,
      64.63705095860696,
      25.24900048281581,
      75.61879002290668,
      58.76984789936995,
      19.949285852033107,
      57.1816026390772,
      43.83421938143727,
      37.08574773509821,
      31.01129804515048,
      60.92045966861649,
      55.210958027679474,
      68.12574386617217,
      37.467370801934415,
      74.00805862075181,
      83.54069846876438,
      12.315285335373208,
      24.285901510358496,
      30.042350076590136,
      59.67004461009855,
      56.56629593333513,
      61.15830167112396,
      29.089996231612268,
      66.74124347356731,
      29.375609154326366,
      59.21841992591098,
      74.02529839711706,
      63.585942512996105,
      51.339053744865964,
      19.703841133515603,
      26.925049566677707,
      64.85753828969078,
      7.485439778060123,
      22.411298689103475,
      14.8038046650912,
      30.879777618219585,
      84.94600153253852,
      55.605264938889796,
      16.77859846149438,
      69.6991527280959,
      53.7438900298692,
      64.46811298742146,
      40.740716462261496,
      71.01224287277326,
      60.64710999699448,
      88.92291460103127,
      48.629140730673456,
      68.91671444779156,
      36.63365561284893,
      32.44009621316401,
      64.97445429422541,
      71.86587937293643,
      46.0808820124881,
      23.64060537126026,
      83.47099557334978,
      19.949194562823468,
      20.770614275703085,
      65.0623040100288,
      33.09089333295686,
      46.73795986397781,
      46.86556098973544,
      66.03748605630015,
      29.40705329235265,
      20.052287934801594,
      46.62822551939732,
      44.60175698970698,
      23.51800902714064,
      71.97353780166631,
      52.51306179310784
    ],
    [
      8.135634019432823,
      91.64510209098434,
      65.87264513016208,
      95.26541779476138,
      3.2011384215845364,
      36.9125616370685,
      39.577962098740606,
      61.53538629931826,
      65.55043336947428,
      78.14367022518876,
      0.0,
      12.615818879349916,
      18.130826090552482,
      82.27655604387897,
      2.537169298128049,
      85.5621358900007,
      79.47537755981612,
      26.277171135554376,
      52.020758123345495,
      63.579480854344524,
      90.59729483612804,
      77.8548409590198,
      47.61127599407745,
      55.280810241260525,
      70.24304877854622,
      40.00415975901323,
      8.468934678319622,
      80.17988819823248,
      97.30541502601434,
      88.91606580211969,
      34.395758405994876,
      21.57813055810594,
      68.96525302236597,
      77.87410821627117,
      33.61990868103062,
      52.068446835168416,
      53.25276837298171,
      22.193986154041344,
      20.57860532720217,
      67.69372930625471,
      64.97465829548497,
      102.59394228017115,
      42.871458302399745,
      79.62017995540711,
      88.59478247093541,
      75.69668508626575,
      74.85066517629038,
      11.600106191874712,
      82.03563928980087,
      88.33870554899033,
      54.112956689258375,
      69.76084883597181,
      15.245346595871998,
      65.19621955350436,
      87.79599711888181,
      75.78692734300834,
      14.17599801879025,
      79.24957029679524,
      74.5859449312871,
      61.39107717522538,
      50.889295705137336,
      52.4930337251076,
      65.2352966280078,
      80.55258920341464,
      89.61860948484824,
      5.45123438536977,
      59.20969617139858,
      61.39490608324875,
      15.04598228285453,
      46.935957604912865,
      53.56514541106888,
      73.69716644801917,
      28.4053643733999,
      74.3282396784157,
      63.48289309273103,
      88.85481162275849,
      57.141112409762044,
      54.768164489339604,
      66.24495460688172,
      62.25559129441646
    ],
    [
      15.50003742643414,
      96.59847135827924,
      70.83365469038569,
      98.85894829626032,
      15.478427335786478,
      42.35846792565978,
      36.04040564219639,
      63.967320118816374,
      71.66107078594577,
      82.65721951508968,
      12.615818879349916,
      0.0,
      18.103096547077723,
      90.03657035589723,
      13.340822086121984,
      96.54121440250987,
      80.94535497892437,
      26.23021979388455,
      62.06570090645315,
      73.00656476272123,
      98.56456403323565,
      89.25096879425547,
      58.96395236716877,
      67.55250996973267,
      79.70881962273755,
      52.5943255830094,
      18.885812155299714,
      82.86171388788637,
      99.60837647044778,
      89.22333740795217,
      30.273794783160618,
      27.884048627382537,
      63.204716806829765,
      86.24629830441494,
      27.005676712816257,
      54.53415350369329,
      47.67173440323479,
      13.999418987599917,
      19.560756670506944,
      78.58881777886728,
      67.2365676229349,
      105.40906800708557,
      55.04924093148826,
      85.15976752440785,
      95.59753154041918,
      77.98991993314932,
      74.49394842727287,
      22.019550026782394,
      77.79862084744383,
      90.85086708636048,
      66.47032064851291,
      65.3428164677835,
      25.309788027524085,
      75.06074107158729,
      99.52824421385552,
      87.22254136700313,
      22.86665353085,
      89.61020374364081,
      67.76962288163799,
      60.37917154729817,
      58.679625790152464,
      45.64838649194781,
      77.53880621984052,
      77.80171532529877,
      91.04848460048538,
      13.385550290099516,
      62.93184804191469,
      68.03509488242717,
      25.42953994132376,
      49.916042213524804,
      50.8577998620013,
      84.05813849404376,
      22.863984140693024,
      74.22120459982384,
      70.26705467513074,
      98.6325381254517,
      67.40828183417516,
      60.065121259822234,
      78.53699260937863,
      73.3340577993646
    ],
    [
      11.26070345979365,
      78.6318957915054,
      52.94827013499023,
      80.7559482903855,
      17.901103390468162,
      25.089516408984377,
      21.56413776519794,
      45.91227930874683,
      54.19688767690773,
      64.63705095860696,
      18.130826090552482,
      18.103096547077723,
      0.0,
      73.41467281808633,
      16.026289727787365,
      83.9983526554259,
      63.13552039252928,
      8.501338755251465,
      48.64524590349222,
      58.34299801688363,
      82.0333987071282,
      77.80922174198433,
      48.37749218875951,
      59.84732601583709,
      64.95620789284848,
      48.334971848372646,
      26.387088820135993,
      64.80644537397943,
      81.63246831721271,
      71.87034337248177,
      16.718437831731045,
      12.949745671274714,
      51.32116187107447,
      70.1816605411692,
      17.87746918751471,
      36.454770254872805,
      35.72059318454727,
      12.407275709484022,
      2.5540829335092567,
      66.22028704046524,
      49.212788329364805,
      87.3591241714198,
      47.49529688436631,
      67.3824514276819,
      78.42676377665195,
      59.98335139402567,
      57.429705320590344,
      29.289228884365087,
      63.94431058553982,
      72.82843753852096,
      59.29978788423894,
      51.72108530233023,
      17.080384491216783,
      60.96266571359633,
      88.8571678517771,
      75.92498658843523,
      32.25446113684588,
      76.0109889956859,
      57.42016946071121,
      43.64863752514026,
      42.58996064453608,
      35.74435291706064,
      69.6710419951328,
      62.46484491397187,
      73.27350965920951,
      23.2004345672173,
      44.85258784951734,
      50.89477833927208,
      17.762995844738192,
      31.81434441008048,
      35.442627379650126,
      70.55933540683539,
      12.425046901893333,
      57.02345418331492,
      53.185426933382686,
      84.01577024774805,
      54.16934951373983,
      42.36678542130509,
      70.57688891610083,
      61.50886369279253
    ],
    [
      75.37264502370083,
      24.576932935170774,
      26.622761252964654,
      35.67011902993994,
      79.40550553062722,
      48.38209739362873,
      71.17775291057559,
      41.409541810663775,
      21.31548018378925,
      25.24900048281581,
      82.27655604387897,
      90.03657035589723,
      73.41467281808633,
      0.0,
      79.95477359534874,
      34.89904615453828,
      45.18209955079881,
      67.86028072576833,
      34.294887108360065,
      22.64275724156183,
      8.647129557148702,
      39.11388632972503,
      44.95363924040165,
      53.999294410892915,
      18.64500638726753,
      65.17870846069671,
      85.45898420619751,
      37.52672836060522,
      45.37870332166825,
      55.02074206497677,
      73.9376023919278,
      62.15680518006391,
      83.68004138002979,
      6.704362428950817,
      80.94277857193262,
      45.42912449836248,
      78.70760941824503,
      84.85980273536308,
      73.21186901249685,
      32.63465066277398,
      41.25284544250684,
      44.787078116295206,
      55.3625201543617,
      17.875390703185463,
      8.878141127666165,
      39.75248808870905,
      55.50361997698288,
      85.94750150856977,
      80.16759963835763,
      40.363952542172,
      56.0017954096799,
      76.79860215978174,
      67.1259079491218,
      24.277746436322875,
      47.730940117955214,
      39.41792738848229,
      89.88007943026459,
      25.602385896615033,
      91.80944766477911,
      58.34789185251898,
      31.455430489839912,
      84.02966252767118,
      54.61540835390893,
      70.86965252538397,
      47.98654594752231,
      87.01625061875262,
      36.298964729365295,
      22.957526479296696,
      67.45120873847465,
      46.60271358799446,
      66.44466428165698,
      25.744360432049287,
      78.69077115994769,
      53.98892257288679,
      20.617118802448587,
      21.476047858574244,
      31.83020715542443,
      32.99977735235595,
      54.41786944387948,
      36.052969832694025
    ],
    [
      5.625788031722741,
      89.13582197722933,
      63.355396877137046,
      92.72952384711382,
      2.462609306249228,
      34.38964390339655,
      37.56724569073438,
      59.01154881117016,
      63.081888031188605,
      75.61879002290668,
      2.537169298128049,
      13.340822086121984,
      16.026289727787365,
      79.95477359534874,
      0.0,
      83.86289605695251,
      76.9701899915786,
      24.007050651050264,
      50.034473218728024,
      61.481009412886834,
      88.30400429567311,
      76.30205397106023,
      46.016378960434785,
      54.21634190659194,
      68.15875000341673,
      39.408871108126455,
      10.360994629989618,
      77.64693506726697,
      94.77546502563513,
      86.45446416491731,
      32.50912316304507,
      19.05252530764136,
      67.13478841395363,
      75.62307907978332,
      32.13762970408555,
      49.54908344525478,
      51.447584542886844,
      21.272805217716744,
      18.52434399219027,
      65.9558607818172,
      62.45321393533254,
      100.05787902440198,
      41.72607487625062,
      77.1301188607258,
      86.20328247183829,
      73.17092389560295,
      72.43646193035556,
      13.315456345056743,
      79.97015178141774,
      85.80683536183683,
      53.129708725233414,
      67.74057301081812,
      13.088974442063073,
      63.18699016313131,
      86.39579909328019,
      74.24910648213523,
      16.24530917234862,
      77.36864786422166,
      72.91380181553171,
      59.04040528311838,
      48.53906793429135,
      50.89950037233236,
      64.20018138615058,
      78.32505087790213,
      87.11105340823062,
      7.975090548897715,
      56.67255317289604,
      58.95669215255489,
      12.972617253827393,
      44.408491879640934,
      51.38899203303567,
      71.81220625791094,
      26.821932094958058,
      71.89926374329072,
      61.05703216621734,
      86.84613106289646,
      55.2155776896307,
      52.2556892642175,
      65.19954964601655,
      60.57384149044014
    ],
    [
      81.08516320069846,
      59.33468104242473,
      55.31408000791339,
      70.53665494501175,
      82.36273520022222,
      62.84334872454682,
      90.28647010508863,
      69.1447086153802,
      48.399533374271435,
      58.76984789936995,
      85.5621358900007,
      96.54121440250987,
      83.9983526554259,
      34.89904615453828,
      83.86289605695251,
      0.0,
      78.02122083465044,
      81.64063548786848,
      35.39567533403744,
      28.2109403633352,
      34.47701111236476,
      9.759092115120914,
      38.05580679971052,
      36.25994893129599,
      23.448734307135506,
      53.29269668184276,
      85.31137997500244,
      70.95901897498872,
      80.2685439527291,
      88.78315825447642,
      91.01015434734278,
      71.06395326698365,
      110.27867719871804,
      29.75075617906233,
      97.10839679291558,
      69.1931304514485,
      101.56269572705418,
      96.40562126011581,
      84.86008989128251,
      17.95673576200439,
      70.29046773876284,
      79.53670692052538,
      45.28227241568785,
      51.950885799640545,
      42.36063447997192,
      72.0727633216828,
      86.5791633873891,
      84.47850968635919,
      110.32080298764001,
      74.86616843713544,
      38.399876423317345,
      104.50210646797376,
      71.23183783858684,
      24.433906178122236,
      13.027172131885427,
      11.722553720124521,
      87.8094828385864,
      10.435823544347075,
      118.6375454947074,
      85.56018143472524,
      45.45055846467389,
      105.93246176935021,
      30.571872669436924,
      101.76009472279911,
      82.26264077088504,
      88.84411504641263,
      62.64805501615887,
      46.274840009354406,
      71.1365626411662,
      67.82673284078203,
      90.63426457890871,
      14.459638483900916,
      93.23492485625313,
      85.06024477031721,
      44.75011084760246,
      15.798078132146289,
      29.865632281165208,
      55.58075964831828,
      29.80942435284458,
      23.309341745535686
    ],
    [
      71.3451152611829,
      28.4708769405272,
      24.309667604915106,
      22.698856519938747,
      77.83280644189276,
      44.798372357804524,
      47.97719684452478,
      18.36194137259607,
      30.928899083261435,
      19.949285852033107,
      79.47537755981612,
      80.94535497892437,
      63.13552039252928,
      45.18209955079881,
      76.9701899915786,
      78.02122083465044,
      0.0,
      54.75338609085561,
      57.76517484398449,
      53.93677645380376,
      50.77051079194807,
      79.25172891584548,
      68.29779908886083,
      82.44223187188086,
      55.6966536792057,
      84.91103797192656,
      86.28526642318236,
      7.983401948377663,
      19.23005983683944,
      11.82831933890662,
      53.302651536250096,
      58.78314809276457,
      44.70356684905591,
      48.64905280375782,
      59.76058335916572,
      27.532131933631412,
      46.843900080144756,
      69.78731091145916,
      61.41361177260903,
      68.68781785701351,
      14.8920042473356,
      25.81266801748837,
      76.75269974961434,
      27.411974923004912,
      41.881434848677216,
      6.184645419323503,
      12.517578144141956,
      88.3189065484196,
      36.44988816981112,
      11.78282606646611,
      83.70267444338951,
      36.86147326811076,
      68.14039194013552,
      57.93461568627399,
      89.86924171834889,
      78.73153082607173,
      92.10373812197984,
      67.701762399463,
      51.72589158714406,
      23.781716697062723,
      44.04436147466265,
      52.716167360372296,
      87.69135155535831,
      26.717738558612908,
      10.15437746504305,
      84.92394126731108,
      23.06925383133322,
      34.90969766372302,
      68.8847713796237,
      32.829444953774505,
      35.3768397465924,
      65.3236524817427,
      60.70049313524401,
      11.350352508235266,
      35.36462068827484,
      66.48790987960912,
      59.94595973795797,
      31.319023502003496,
      87.95493973648834,
      68.84419071883543
    ],
    [
      18.72632889437361,
      71.27285042808855,
      45.86600946592405,
      72.85043716396922,
      25.604439983572824,
      19.80837479848485,
      14.710978095869653,
      37.79904389873188,
      47.812261990759374,
      57.1816026390772,
      26.277171135554376,
      26.23021979388455,
      8.501338755251465,
      67.86028072576833,
      24.007050651050264,
      81.64063548786848,
      54.75338609085561,
      0.0,
      46.36239308323597,
      54.79516283411728,
      76.50729416155563,
      76.26532124459442,
      48.11020391514591,
      60.89913741575055,
      61.21367512048372,
      51.506739231358125,
      34.278508207807135,
      56.67992364960429,
      73.37908375346132,
      63.37580192990955,
